G.插入元素
已知一个长度为L的链表，在链表的倒数第k个位置插入结点。

输入：
多组样例。每个样例输入包括两行，第一行为链表的各结点值，以空格分隔。第二行为两个非负整数k, n，(k<L)其中k表示要插入的链表的位置（倒数），n表示要插入的节点的值。

输出：
对于每一组样例，输出链表插入后的结果。每个输出占一行。

样例输入：
1 2 3 4 5 6
2 7
2 3 4 5 6
1 4
1 2 3 4 5
4 2

样例输出：
1 2 3 4 7 5 6
2 3 4 5 4 6
1 2 2 3 4 5


H.多次插入元素
已知一个长度为L的链表和一个非负整数序列K，其中K的各值表示每次要插入节点的位置。

输入：
多组样例。每个样例输入包括三行，第一行为链表的各结点值，以空格分隔。第二行为一个整数n，表示要插入的节点的值。第三行的为序列K的各值，以空格分隔。

输出：
对于每一组样例，输出链表插入后的结果。每个输出占一行。

样例输入:
1 2 3 4
10
3 4 5
1 2 3 4
10
3 2 1
1 2 3 4
0
2 2 2

样例输出：
1 2 3 10 10 10 4
1 10 2 10 3 10 4
1 2 0 0 0 3 4


I.交换子链表
已知一个链表L，将链表的两个子链表L1,L2进行交换。

输入：
多组样例。每个样例输入包括两行，第一行为链表的各结点值，以空格分隔。第二行为四个非负整数，n1,n2, m1, m2,(n1<n2,m1<m2,|m1-n2|>1)，n1，n2表示L1为L中起始位置为n1、终止位置为n2的子链表，m1，m2表示L2为L中起始位置为m1、终止位置为m2的子链表。

输出：
对于每一组样例，输出链表交换两个子链表后的结果。每个输出占一行

样例输入：
0 1 2 3 4 5 6
1 2 4 5
0 1 2 3 4 5 6
0 1 5 6
0 1 2 3 4 5 6
4 5 1 2

样例输出：
0 4 5 3 1 2 6
5 6 2 3 4 0 1
4 5 6 3 0 1 2
